<?xml version="1.0"?>
<module_list>
    <module_item>
        <module_name>camera_calibrate</module_name>
        <module_version>1.0</module_version>
        <camera_list>
            <camera_item>
                <id>1</id>
                <intrinc>
                    <K_row0>7692.31005859375 0 0</K_row0>
                    <K_row1>0 7692.31005859375 0</K_row1>
                    <K_row2>0 0 1</K_row2>
                </intrinc>
                <orientation>
                    <R_row0>0.876782774925232 -0.477648168802261 -0.055718831717968</R_row0>
                    <R_row1>0.411937206983566 0.805790781974792 -0.425451308488846</R_row1>
                    <R_row2>0.248114019632339 0.350075274705887 0.903264105319977</R_row2>
                </orientation>
                <pos>-4.59265972074266 7.42616036277173 -0.463175041863298</pos>
            </camera_item>
            <camera_item>
                <id>2</id>
                <intrinc>
                    <K_row0>7692.31005859375 0 0</K_row0>
                    <K_row1>0 7692.31005859375 0</K_row1>
                    <K_row2>0 0 1</K_row2>
                </intrinc>
                <orientation>
                    <R_row0>0.861805558204651 -0.506371796131134 0.0296491663902998</R_row0>
                    <R_row1>0.465285927057266 0.76589834690094 -0.443745315074921</R_row1>
                    <R_row2>0.201991736888886 0.396217256784439 0.895662426948547</R_row2>
                </orientation>
                <pos>-5.05022122321242 6.50621129888778 -0.162664334127495</pos>
            </camera_item>
            <camera_item>
                <id>3</id>
                <intrinc>
                    <K_row0>7692.31005859375 0 0</K_row0>
                    <K_row1>0 7692.31005859375 0</K_row1>
                    <K_row2>0 0 1</K_row2>
                </intrinc>
                <orientation>
                    <R_row0>0.787635147571564 -0.598922967910767 -0.144648969173431</R_row0>
                    <R_row1>0.501118719577789 0.75928521156311 -0.41517236828804</R_row1>
                    <R_row2>0.358485370874405 0.254517763853073 0.898170232772827</R_row2>
                </orientation>
                <pos>-5.53639530981742 5.60381686731731 0.143654934115559</pos>
            </camera_item>
            <camera_item>
                <id>4</id>
                <intrinc>
                    <K_row0>7692.31005859375 0 0</K_row0>
                    <K_row1>0 7692.31005859375 0</K_row1>
                    <K_row2>0 0 1</K_row2>
                </intrinc>
                <orientation>
                    <R_row0>0.862456560134888 -0.493147879838943 -0.113901205360889</R_row0>
                    <R_row1>0.436585932970047 0.838716685771942 -0.325496286153793</R_row1>
                    <R_row2>0.256048828363419 0.230999037623405 0.938658595085144</R_row2>
                </orientation>
                <pos>-5.97199602467953 4.66183459437579 0.457157358899008</pos>
            </camera_item>
            <camera_item>
                <id>5</id>
                <intrinc>
                    <K_row0>7692.31005859375 0 0</K_row0>
                    <K_row1>0 7692.31005859375 0</K_row1>
                    <K_row2>0 0 1</K_row2>
                </intrinc>
                <orientation>
                    <R_row0>0.79529219865799 -0.601104497909546 -0.0786457434296608</R_row0>
                    <R_row1>0.544564783573151 0.765366792678833 -0.343020081520081</R_row1>
                    <R_row2>0.266384124755859 0.229973345994949 0.936030566692352</R_row2>
                </orientation>
                <pos>-6.35999698160302 3.69564638857545 0.685981574156811</pos>
            </camera_item>
            <camera_item>
                <id>6</id>
                <intrinc>
                    <K_row0>7692.31005859375 0 0</K_row0>
                    <K_row1>0 7692.31005859375 0</K_row1>
                    <K_row2>0 0 1</K_row2>
                </intrinc>
                <orientation>
                    <R_row0>0.837643086910248 -0.544072031974792 -0.0483706183731556</R_row0>
                    <R_row1>0.49649852514267 0.795320332050323 -0.3477863073349</R_row1>
                    <R_row2>0.227690905332565 0.267305016517639 0.936326086521149</R_row2>
                </orientation>
                <pos>-6.81673875348546 2.758760449029 0.950978670296673</pos>
            </camera_item>
            <camera_item>
                <id>7</id>
                <intrinc>
                    <K_row0>7692.31005859375 0 0</K_row0>
                    <K_row1>0 7692.31005859375 0</K_row1>
                    <K_row2>0 0 1</K_row2>
                </intrinc>
                <orientation>
                    <R_row0>0.58414351940155 -0.810962736606598 -0.0334120616316795</R_row0>
                    <R_row1>0.747159481048584 0.553354561328888 -0.368175953626633</R_row1>
                    <R_row2>0.317065298557281 0.190103456377983 0.929155886173248</R_row2>
                </orientation>
                <pos>-7.35507706894181 1.8304475632984 1.1107722900436</pos>
            </camera_item>
            <camera_item>
                <id>8</id>
                <intrinc>
                    <K_row0>7692.31005859375 0 0</K_row0>
                    <K_row1>0 7692.31005859375 0</K_row1>
                    <K_row2>0 0 1</K_row2>
                </intrinc>
                <orientation>
                    <R_row0>0.788897693157196 -0.588136315345764 -0.178147286176682</R_row0>
                    <R_row1>0.520911037921906 0.793803215026855 -0.313891500234604</R_row1>
                    <R_row2>0.326025098562241 0.154829502105713 0.932596325874329</R_row2>
                </orientation>
                <pos>-7.88679770877496 0.927761317673385 1.30616224157094</pos>
            </camera_item>
            <camera_item>
                <id>9</id>
                <intrinc>
                    <K_row0>7692.31005859375 0 0</K_row0>
                    <K_row1>0 7692.31005859375 0</K_row1>
                    <K_row2>0 0 1</K_row2>
                </intrinc>
                <orientation>
                    <R_row0>0.913022935390472 -0.407505631446838 -0.0181224383413792</R_row0>
                    <R_row1>0.353672862052917 0.812981247901917 -0.462576627731323</R_row1>
                    <R_row2>0.203235760331154 0.415933579206467 0.886394143104553</R_row2>
                </orientation>
                <pos>-8.27553818620423 -0.0119805920493719 1.53149517927035</pos>
            </camera_item>
            <camera_item>
                <id>10</id>
                <intrinc>
                    <K_row0>7692.31005859375 0 0</K_row0>
                    <K_row1>0 7692.31005859375 0</K_row1>
                    <K_row2>0 0 1</K_row2>
                </intrinc>
                <orientation>
                    <R_row0>0.834119021892548 -0.532867074012756 -0.142471328377724</R_row0>
                    <R_row1>0.443476170301437 0.80146586894989 -0.401224195957184</R_row1>
                    <R_row2>0.32798507809639 0.271486103534698 0.904832124710083</R_row2>
                </orientation>
                <pos>-8.56155429386686 -0.91892793065804 1.98709162565283</pos>
            </camera_item>
            <camera_item>
                <id>11</id>
                <intrinc>
                    <K_row0>7692.31005859375 0 0</K_row0>
                    <K_row1>0 7692.31005859375 0</K_row1>
                    <K_row2>0 0 1</K_row2>
                </intrinc>
                <orientation>
                    <R_row0>0.647676944732666 -0.761911571025848 -0.00222397758625448</R_row0>
                    <R_row1>0.712362885475159 0.606587469577789 -0.352974504232407</R_row1>
                    <R_row2>0.270284473896027 0.227029234170914 0.935630202293396</R_row2>
                </orientation>
                <pos>-9.00205142509749 -1.93617173574283 2.11600377559852</pos>
            </camera_item>
            <camera_item>
                <id>12</id>
                <intrinc>
                    <K_row0>7692.31005859375 0 0</K_row0>
                    <K_row1>0 7692.31005859375 0</K_row1>
                    <K_row2>0 0 1</K_row2>
                </intrinc>
                <orientation>
                    <R_row0>0.753231883049011 -0.65289580821991 -0.0798039063811302</R_row0>
                    <R_row1>0.602546513080597 0.733568072319031 -0.314349740743637</R_row1>
                    <R_row2>0.263779163360596 0.188692659139633 0.945946931838989</R_row2>
                </orientation>
                <pos>-9.53481389315136 -2.77793781804529 2.34780532758609</pos>
            </camera_item>
            <camera_item>
                <id>13</id>
                <intrinc>
                    <K_row0>7692.31005859375 0 0</K_row0>
                    <K_row1>0 7692.31005859375 0</K_row1>
                    <K_row2>0 0 1</K_row2>
                </intrinc>
                <orientation>
                    <R_row0>0.790618777275085 -0.602640569210052 -0.108380027115345</R_row0>
                    <R_row1>0.527909100055695 0.76055371761322 -0.377981573343277</R_row1>
                    <R_row2>0.310215771198273 0.24162457883358 0.919447481632233</R_row2>
                </orientation>
                <pos>-10.0034956539342 -3.72260284640258 2.54189720189448</pos>
            </camera_item>
            <camera_item>
                <id>14</id>
                <intrinc>
                    <K_row0>7692.31005859375 0 0</K_row0>
                    <K_row1>0 7692.31005859375 0</K_row1>
                    <K_row2>0 0 1</K_row2>
                </intrinc>
                <orientation>
                    <R_row0>-0.978359699249268 0.176019623875618 0.108761869370937</R_row0>
                    <R_row1>-0.172108009457588 -0.98407518863678 0.0444368682801723</R_row1>
                    <R_row2>0.11485168337822 0.0247564855962992 0.993074357509613</R_row2>
                </orientation>
                <pos>-7.34350170145875 -4.34814083388555 2.14771204390277</pos>
            </camera_item>
            <camera_item>
                <id>15</id>
                <intrinc>
                    <K_row0>7692.31005859375 0 0</K_row0>
                    <K_row1>0 7692.31005859375 0</K_row1>
                    <K_row2>0 0 1</K_row2>
                </intrinc>
                <orientation>
                    <R_row0>-0.968313932418823 0.137326940894127 0.208589345216751</R_row0>
                    <R_row1>-0.143297150731087 -0.989584743976593 -0.0137113770470023</R_row1>
                    <R_row2>0.204533830285072 -0.0431671589612961 0.977907299995422</R_row2>
                </orientation>
                <pos>-6.92466760245022 -3.37275340688681 1.76688360677441</pos>
            </camera_item>
            <camera_item>
                <id>16</id>
                <intrinc>
                    <K_row0>7692.31005859375 0 0</K_row0>
                    <K_row1>0 7692.31005859375 0</K_row1>
                    <K_row2>0 0 1</K_row2>
                </intrinc>
                <orientation>
                    <R_row0>-0.957118570804596 0.226813390851021 0.180222034454346</R_row0>
                    <R_row1>-0.237970560789108 -0.970337271690369 -0.0426164045929909</R_row1>
                    <R_row2>0.165210023522377 -0.083676390349865 0.982702732086182</R_row2>
                </orientation>
                <pos>-6.48258790576245 -2.41014805601225 1.50544621018342</pos>
            </camera_item>
            <camera_item>
                <id>17</id>
                <intrinc>
                    <K_row0>7692.31005859375 0 0</K_row0>
                    <K_row1>0 7692.31005859375 0</K_row1>
                    <K_row2>0 0 1</K_row2>
                </intrinc>
                <orientation>
                    <R_row0>-0.950162708759308 0.27814307808876 0.140806615352631</R_row0>
                    <R_row1>-0.287623584270477 -0.956343173980713 -0.0517670437693596</R_row1>
                    <R_row2>0.120260909199715 -0.0896865651011467 0.988683342933655</R_row2>
                </orientation>
                <pos>-5.97017802813967 -1.50842585118706 1.34695627849187</pos>
            </camera_item>
            <camera_item>
                <id>18</id>
                <intrinc>
                    <K_row0>7692.31005859375 0 0</K_row0>
                    <K_row1>0 7692.31005859375 0</K_row1>
                    <K_row2>0 0 1</K_row2>
                </intrinc>
                <orientation>
                    <R_row0>-0.976973533630371 0.174465119838715 0.122824430465698</R_row0>
                    <R_row1>-0.171457797288895 -0.984579741954803 0.0347249321639538</R_row1>
                    <R_row2>0.126988664269447 0.0128661449998617 0.991821348667145</R_row2>
                </orientation>
                <pos>-5.46307552609434 -0.595944705035877 1.08926425148669</pos>
            </camera_item>
            <camera_item>
                <id>19</id>
                <intrinc>
                    <K_row0>7692.31005859375 0 0</K_row0>
                    <K_row1>0 7692.31005859375 0</K_row1>
                    <K_row2>0 0 1</K_row2>
                </intrinc>
                <orientation>
                    <R_row0>-0.971427440643311 0.216118738055229 0.0980898216366768</R_row0>
                    <R_row1>-0.218437939882278 -0.975758910179138 -0.0134261986240745</R_row1>
                    <R_row2>0.0928103178739548 -0.0344690717756748 0.995087444782257</R_row2>
                </orientation>
                <pos>-5.04872285105209 0.341031939633212 0.908159511975676</pos>
            </camera_item>
            <camera_item>
                <id>20</id>
                <intrinc>
                    <K_row0>7692.31005859375 0 0</K_row0>
                    <K_row1>0 7692.31005859375 0</K_row1>
                    <K_row2>0 0 1</K_row2>
                </intrinc>
                <orientation>
                    <R_row0>-0.977041304111481 0.140472441911697 0.16017983853817</R_row0>
                    <R_row1>-0.13554260134697 -0.989908218383789 0.0413542240858078</R_row1>
                    <R_row2>0.16437241435051 0.0186936035752296 0.986221969127655</R_row2>
                </orientation>
                <pos>-4.61645217087277 1.30118416306821 0.660201254401307</pos>
            </camera_item>
            <camera_item>
                <id>21</id>
                <intrinc>
                    <K_row0>7692.31005859375 0 0</K_row0>
                    <K_row1>0 7692.31005859375 0</K_row1>
                    <K_row2>0 0 1</K_row2>
                </intrinc>
                <orientation>
                    <R_row0>-0.976868093013763 0.193573504686356 0.0908719375729561</R_row0>
                    <R_row1>-0.193806737661362 -0.981018960475922 0.00633898517116904</R_row1>
                    <R_row2>0.0903742164373398 -0.0114191798493266 0.99584287405014</R_row2>
                </orientation>
                <pos>-4.19855193585431 2.22332108440658 0.370135903744867</pos>
            </camera_item>
            <camera_item>
                <id>22</id>
                <intrinc>
                    <K_row0>7692.31005859375 0 0</K_row0>
                    <K_row1>0 7692.31005859375 0</K_row1>
                    <K_row2>0 0 1</K_row2>
                </intrinc>
                <orientation>
                    <R_row0>-0.950745940208435 0.252545148134232 0.179730325937271</R_row0>
                    <R_row1>-0.260668694972992 -0.965161263942719 -0.0227197911590338</R_row1>
                    <R_row2>0.167730942368507 -0.0684508383274078 0.98345410823822</R_row2>
                </orientation>
                <pos>-3.71879028644132 3.19672929243624 0.109906601749882</pos>
            </camera_item>
            <camera_item>
                <id>23</id>
                <intrinc>
                    <K_row0>7692.31005859375 0 0</K_row0>
                    <K_row1>0 7692.31005859375 0</K_row1>
                    <K_row2>0 0 1</K_row2>
                </intrinc>
                <orientation>
                    <R_row0>-0.964743256568909 0.263118892908096 -0.00621262472122908</R_row0>
                    <R_row1>-0.263183116912842 -0.964246273040771 0.0310561414808035</R_row1>
                    <R_row2>0.00218101101927459 0.0315962508320808 0.999498903751373</R_row2>
                </orientation>
                <pos>-3.2547676548208 4.12330622989062 -0.126702076891866</pos>
            </camera_item>
            <camera_item>
                <id>24</id>
                <intrinc>
                    <K_row0>7692.31005859375 0 0</K_row0>
                    <K_row1>0 7692.31005859375 0</K_row1>
                    <K_row2>0 0 1</K_row2>
                </intrinc>
                <orientation>
                    <R_row0>-0.962603867053986 0.162422209978104 0.216823920607567</R_row0>
                    <R_row1>-0.172663033008575 -0.984553158283234 -0.029023215174675</R_row1>
                    <R_row2>0.208760544657707 -0.0653752535581589 0.975779473781586</R_row2>
                </orientation>
                <pos>-2.85671084950642 5.06607518606595 -0.426807665163145</pos>
            </camera_item>
            <camera_item>
                <id>25</id>
                <intrinc>
                    <K_row0>7692.31005859375 0 0</K_row0>
                    <K_row1>0 7692.31005859375 0</K_row1>
                    <K_row2>0 0 1</K_row2>
                </intrinc>
                <orientation>
                    <R_row0>-0.937553346157074 0.342590600252151 0.0602135770022869</R_row0>
                    <R_row1>-0.345067739486694 -0.937853574752808 -0.0368634387850761</R_row1>
                    <R_row2>0.0438424125313759 -0.0553391687572002 0.997504472732544</R_row2>
                </orientation>
                <pos>-2.43287560350152 6.03201778456282 -0.629202376527422</pos>
            </camera_item>
            <camera_item>
                <id>26</id>
                <intrinc>
                    <K_row0>7692.31005859375 0 0</K_row0>
                    <K_row1>0 7692.31005859375 0</K_row1>
                    <K_row2>0 0 1</K_row2>
                </intrinc>
                <orientation>
                    <R_row0>-0.952968060970306 0.299857437610626 0.0440184250473976</R_row0>
                    <R_row1>-0.298609972000122 -0.953812837600708 0.0327632129192352</R_row1>
                    <R_row2>0.0518096275627613 0.0180779621005058 0.998493313789368</R_row2>
                </orientation>
                <pos>-1.97133353178148 6.96780672562764 -0.839203690507943</pos>
            </camera_item>
            <camera_item>
                <id>27</id>
                <intrinc>
                    <K_row0>7692.31005859375 0 0</K_row0>
                    <K_row1>0 7692.31005859375 0</K_row1>
                    <K_row2>0 0 1</K_row2>
                </intrinc>
                <orientation>
                    <R_row0>0.84570986032486 -0.532240211963654 -0.0386743620038033</R_row0>
                    <R_row1>0.484537184238434 0.796234846115112 -0.362262755632401</R_row1>
                    <R_row2>0.223604366183281 0.287630021572113 0.931273698806763</R_row2>
                </orientation>
                <pos>-0.294552820520108 5.33253303178938 -0.899737482338226</pos>
            </camera_item>
            <camera_item>
                <id>28</id>
                <intrinc>
                    <K_row0>7692.31005859375 0 0</K_row0>
                    <K_row1>0 7692.31005859375 0</K_row1>
                    <K_row2>0 0 1</K_row2>
                </intrinc>
                <orientation>
                    <R_row0>0.846450448036194 -0.503849148750305 -0.172214686870575</R_row0>
                    <R_row1>0.40803462266922 0.82157301902771 -0.398152619600296</R_row1>
                    <R_row2>0.342095613479614 0.266746997833252 0.901008605957031</R_row2>
                </orientation>
                <pos>-0.793006582209703 4.38374265799157 -0.722713416905124</pos>
            </camera_item>
            <camera_item>
                <id>29</id>
                <intrinc>
                    <K_row0>7692.31005859375 0 0</K_row0>
                    <K_row1>0 7692.31005859375 0</K_row1>
                    <K_row2>0 0 1</K_row2>
                </intrinc>
                <orientation>
                    <R_row0>0.90168958902359 -0.430934220552444 -0.0353683717548847</R_row0>
                    <R_row1>0.384971559047699 0.837369084358215 -0.388085514307022</R_row1>
                    <R_row2>0.196855649352074 0.336317300796509 0.92094498872757</R_row2>
                </orientation>
                <pos>-1.21634840503139 3.40994499313473 -0.47718605277247</pos>
            </camera_item>
            <camera_item>
                <id>30</id>
                <intrinc>
                    <K_row0>7692.31005859375 0 0</K_row0>
                    <K_row1>0 7692.31005859375 0</K_row1>
                    <K_row2>0 0 1</K_row2>
                </intrinc>
                <orientation>
                    <R_row0>0.881498873233795 -0.467804908752441 -0.0641731843352318</R_row0>
                    <R_row1>0.409511715173721 0.825062990188599 -0.389324337244034</R_row1>
                    <R_row2>0.235074698925018 0.316909581422806 0.91886293888092</R_row2>
                </orientation>
                <pos>-1.62024116331495 2.41943381136971 -0.251845458130449</pos>
            </camera_item>
            <camera_item>
                <id>31</id>
                <intrinc>
                    <K_row0>7692.31005859375 0 0</K_row0>
                    <K_row1>0 7692.31005859375 0</K_row1>
                    <K_row2>0 0 1</K_row2>
                </intrinc>
                <orientation>
                    <R_row0>0.758729159832001 -0.649201393127441 -0.0535502545535564</R_row0>
                    <R_row1>0.546166181564331 0.67879855632782 -0.490851312875748</R_row1>
                    <R_row2>0.355011582374573 0.343175888061523 0.869596362113953</R_row2>
                </orientation>
                <pos>-1.99854056274721 1.48963352826601 0.0294888966968562</pos>
            </camera_item>
            <camera_item>
                <id>32</id>
                <intrinc>
                    <K_row0>7692.31005859375 0 0</K_row0>
                    <K_row1>0 7692.31005859375 0</K_row1>
                    <K_row2>0 0 1</K_row2>
                </intrinc>
                <orientation>
                    <R_row0>0.819949984550476 -0.565592169761658 -0.0882512703537941</R_row0>
                    <R_row1>0.465428531169891 0.748455464839935 -0.472430825233459</R_row1>
                    <R_row2>0.333255231380463 0.346294909715652 0.87693852186203</R_row2>
                </orientation>
                <pos>-2.46121709117145 0.569124840781517 0.297189886789822</pos>
            </camera_item>
            <camera_item>
                <id>33</id>
                <intrinc>
                    <K_row0>7692.31005859375 0 0</K_row0>
                    <K_row1>0 7692.31005859375 0</K_row1>
                    <K_row2>0 0 1</K_row2>
                </intrinc>
                <orientation>
                    <R_row0>0.791455090045929 -0.598844230175018 -0.122409038245678</R_row0>
                    <R_row1>0.509371757507324 0.756898820400238 -0.409445494413376</R_row1>
                    <R_row2>0.337845236063004 0.261705726385117 0.904085695743561</R_row2>
                </orientation>
                <pos>-2.93742753377651 -0.367517701522734 0.563237303666702</pos>
            </camera_item>
            <camera_item>
                <id>34</id>
                <intrinc>
                    <K_row0>7692.31005859375 0 0</K_row0>
                    <K_row1>0 7692.31005859375 0</K_row1>
                    <K_row2>0 0 1</K_row2>
                </intrinc>
                <orientation>
                    <R_row0>0.819403350353241 -0.563631057739258 -0.104399129748344</R_row0>
                    <R_row1>0.462177276611328 0.757356941699982 -0.461305350065231</R_row1>
                    <R_row2>0.339073359966278 0.329744249582291 0.881077826023102</R_row2>
                </orientation>
                <pos>-3.36407490070062 -1.26853038863242 0.83356714357714</pos>
            </camera_item>
            <camera_item>
                <id>35</id>
                <intrinc>
                    <K_row0>7692.31005859375 0 0</K_row0>
                    <K_row1>0 7692.31005859375 0</K_row1>
                    <K_row2>0 0 1</K_row2>
                </intrinc>
                <orientation>
                    <R_row0>0.791728258132935 -0.608874201774597 -0.0493859127163887</R_row0>
                    <R_row1>0.526215434074402 0.720834970474243 -0.451103299856186</R_row1>
                    <R_row2>0.310264378786087 0.331163436174393 0.891104519367218</R_row2>
                </orientation>
                <pos>-3.85882596543518 -2.23328316823806 1.06942857360032</pos>
            </camera_item>
            <camera_item>
                <id>36</id>
                <intrinc>
                    <K_row0>7692.31005859375 0 0</K_row0>
                    <K_row1>0 7692.31005859375 0</K_row1>
                    <K_row2>0 0 1</K_row2>
                </intrinc>
                <orientation>
                    <R_row0>0.813897013664246 -0.573727130889893 -0.0916992574930191</R_row0>
                    <R_row1>0.475651949644089 0.748593986034393 -0.461910903453827</R_row1>
                    <R_row2>0.333656340837479 0.332331240177155 0.882173120975494</R_row2>
                </orientation>
                <pos>-4.34349307260605 -3.21351064196358 1.34253736883768</pos>
            </camera_item>
            <camera_item>
                <id>37</id>
                <intrinc>
                    <K_row0>7692.31005859375 0 0</K_row0>
                    <K_row1>0 7692.31005859375 0</K_row1>
                    <K_row2>0 0 1</K_row2>
                </intrinc>
                <orientation>
                    <R_row0>0.788431704044342 -0.608410477638245 -0.0906270667910576</R_row0>
                    <R_row1>0.520517408847809 0.738397717475891 -0.428753733634949</R_row1>
                    <R_row2>0.327777028083801 0.290869921445847 0.898864328861237</R_row2>
                </orientation>
                <pos>-4.82040886648924 -4.21336013894644 1.593166719266</pos>
            </camera_item>
            <camera_item>
                <id>38</id>
                <intrinc>
                    <K_row0>7692.31005859375 0 0</K_row0>
                    <K_row1>0 7692.31005859375 0</K_row1>
                    <K_row2>0 0 1</K_row2>
                </intrinc>
                <orientation>
                    <R_row0>0.840591371059418 -0.531634151935577 -0.103786125779152</R_row0>
                    <R_row1>0.416953861713409 0.757369935512543 -0.502533972263336</R_row1>
                    <R_row2>0.345768749713898 0.379151374101639 0.858305633068085</R_row2>
                </orientation>
                <pos>-5.25462608748029 -5.13823403496401 1.84897478991538</pos>
            </camera_item>
            <camera_item>
                <id>39</id>
                <intrinc>
                    <K_row0>7692.31005859375 0 0</K_row0>
                    <K_row1>0 7692.31005859375 0</K_row1>
                    <K_row2>0 0 1</K_row2>
                </intrinc>
                <orientation>
                    <R_row0>0.787101686000824 -0.614950656890869 -0.0480291284620762</R_row0>
                    <R_row1>0.520985662937164 0.70447450876236 -0.481964468955994</R_row1>
                    <R_row2>0.33021953701973 0.354332655668259 0.874873578548431</R_row2>
                </orientation>
                <pos>-5.62289892642971 -6.06439329406232 2.12546404017125</pos>
            </camera_item>
            <camera_item>
                <id>40</id>
                <intrinc>
                    <K_row0>7692.31005859375 0 0</K_row0>
                    <K_row1>0 7692.31005859375 0</K_row1>
                    <K_row2>0 0 1</K_row2>
                </intrinc>
                <orientation>
                    <R_row0>-0.96283632516861 0.229978114366531 0.141624107956886</R_row0>
                    <R_row1>-0.221152827143669 -0.972320079803467 0.0753994137048721</R_row1>
                    <R_row2>0.155043989419937 0.0412767790257931 0.98704469203949</R_row2>
                </orientation>
                <pos>-3.219659156616 -6.51808468214532 1.86432750651951</pos>
            </camera_item>
            <camera_item>
                <id>41</id>
                <intrinc>
                    <K_row0>7692.31005859375 0 0</K_row0>
                    <K_row1>0 7692.31005859375 0</K_row1>
                    <K_row2>0 0 1</K_row2>
                </intrinc>
                <orientation>
                    <R_row0>-0.951320946216583 0.270945012569427 0.146892443299294</R_row0>
                    <R_row1>-0.263457387685776 -0.962228238582611 0.0686097294092178</R_row1>
                    <R_row2>0.159933626651764 0.0265698954463005 0.986770272254944</R_row2>
                </orientation>
                <pos>-2.74939971028412 -5.62658983671347 1.50791026926984</pos>
            </camera_item>
            <camera_item>
                <id>42</id>
                <intrinc>
                    <K_row0>7692.31005859375 0 0</K_row0>
                    <K_row1>0 7692.31005859375 0</K_row1>
                    <K_row2>0 0 1</K_row2>
                </intrinc>
                <orientation>
                    <R_row0>-0.958700478076935 0.228306874632835 0.169615313410759</R_row0>
                    <R_row1>-0.214679569005966 -0.972053945064545 0.0949966683983803</R_row1>
                    <R_row2>0.186563670635223 0.0546604506671429 0.980921149253845</R_row2>
                </orientation>
                <pos>-2.30905890981252 -4.7582427829322 1.14817082149277</pos>
            </camera_item>
            <camera_item>
                <id>43</id>
                <intrinc>
                    <K_row0>7692.31005859375 0 0</K_row0>
                    <K_row1>0 7692.31005859375 0</K_row1>
                    <K_row2>0 0 1</K_row2>
                </intrinc>
                <orientation>
                    <R_row0>-0.954145789146423 0.299263715744019 -0.0068678674288094</R_row0>
                    <R_row1>-0.299159795045853 -0.954114079475403 -0.0130323739722371</R_row1>
                    <R_row2>-0.0104527678340673 -0.0103801535442472 0.999891757965088</R_row2>
                </orientation>
                <pos>-1.81066529762867 -3.87111297389133 0.901821112760383</pos>
            </camera_item>
            <camera_item>
                <id>44</id>
                <intrinc>
                    <K_row0>7692.31005859375 0 0</K_row0>
                    <K_row1>0 7692.31005859375 0</K_row1>
                    <K_row2>0 0 1</K_row2>
                </intrinc>
                <orientation>
                    <R_row0>-0.976180791854858 0.141550242900848 0.164419919252396</R_row0>
                    <R_row1>-0.145374640822411 -0.989311516284943 -0.0114016328006983</R_row1>
                    <R_row2>0.16104844212532 -0.0350325368344784 0.986324667930603</R_row2>
                </orientation>
                <pos>-1.379274089066 -2.91350645307808 0.654298810011559</pos>
            </camera_item>
            <camera_item>
                <id>45</id>
                <intrinc>
                    <K_row0>7692.31005859375 0 0</K_row0>
                    <K_row1>0 7692.31005859375 0</K_row1>
                    <K_row2>0 0 1</K_row2>
                </intrinc>
                <orientation>
                    <R_row0>-0.960772812366486 0.165496051311493 0.222548246383667</R_row0>
                    <R_row1>-0.165290176868439 -0.986048698425293 0.0196845531463623</R_row1>
                    <R_row2>0.222700998187065 -0.0178726129233837 0.974723160266876</R_row2>
                </orientation>
                <pos>-0.9262051825077 -1.98492409610944 0.415604732729949</pos>
            </camera_item>
            <camera_item>
                <id>46</id>
                <intrinc>
                    <K_row0>7692.31005859375 0 0</K_row0>
                    <K_row1>0 7692.31005859375 0</K_row1>
                    <K_row2>0 0 1</K_row2>
                </intrinc>
                <orientation>
                    <R_row0>-0.914368569850922 0.404856443405151 0.00478298496454954</R_row0>
                    <R_row1>-0.404432892799377 -0.912726759910584 -0.0580047927796841</R_row1>
                    <R_row2>-0.0191179569810629 -0.054972130805254 0.998305439949036</R_row2>
                </orientation>
                <pos>-0.436332718947267 -1.03301415109215 0.136516112609613</pos>
            </camera_item>
            <camera_item>
                <id>47</id>
                <intrinc>
                    <K_row0>7692.31005859375 0 0</K_row0>
                    <K_row1>0 7692.31005859375 0</K_row1>
                    <K_row2>0 0 1</K_row2>
                </intrinc>
                <orientation>
                    <R_row0>-0.999994218349457 0.000272444740403444 0.00340555631555617</R_row0>
                    <R_row1>-0.000306527625070885 -0.999950468540192 -0.00998846534639597</R_row1>
                    <R_row2>0.00340269156731665 -0.00998944137245417 0.999944984912872</R_row2>
                </orientation>
                <pos>0.0263086844558523 -0.0758582502781354 0.00189876415298711</pos>
            </camera_item>
            <camera_item>
                <id>48</id>
                <intrinc>
                    <K_row0>7692.31005859375 0 0</K_row0>
                    <K_row1>0 7692.31005859375 0</K_row1>
                    <K_row2>0 0 1</K_row2>
                </intrinc>
                <orientation>
                    <R_row0>-0.961878597736359 0.193310335278511 0.193442970514297</R_row0>
                    <R_row1>-0.18233597278595 -0.980509459972382 0.073185496032238</R_row1>
                    <R_row2>0.203820109367371 0.0351241044700146 0.978378415107727</R_row2>
                </orientation>
                <pos>0.415637852250303 0.903939921618621 -0.177134984057243</pos>
            </camera_item>
            <camera_item>
                <id>49</id>
                <intrinc>
                    <K_row0>7692.31005859375 0 0</K_row0>
                    <K_row1>0 7692.31005859375 0</K_row1>
                    <K_row2>0 0 1</K_row2>
                </intrinc>
                <orientation>
                    <R_row0>-0.937347054481506 0.343442469835281 0.0585556477308273</R_row0>
                    <R_row1>-0.335074365139008 -0.934711396694183 0.118492238223553</R_row1>
                    <R_row2>0.0954279154539108 0.0914478898048401 0.991227149963379</R_row2>
                </orientation>
                <pos>0.85068487470658 1.82431791098308 -0.388749164273042</pos>
            </camera_item>
            <camera_item>
                <id>50</id>
                <intrinc>
                    <K_row0>7692.31005859375 0 0</K_row0>
                    <K_row1>0 7692.31005859375 0</K_row1>
                    <K_row2>0 0 1</K_row2>
                </intrinc>
                <orientation>
                    <R_row0>-0.933255314826965 0.340829312801361 0.113451145589352</R_row0>
                    <R_row1>-0.324693500995636 -0.935485363006592 0.139435172080994</R_row1>
                    <R_row2>0.15365543961525 0.093291848897934 0.983711004257202</R_row2>
                </orientation>
                <pos>1.3548964734481 2.70688185613098 -0.630899934844907</pos>
            </camera_item>
            <camera_item>
                <id>51</id>
                <intrinc>
                    <K_row0>7692.31005859375 0 0</K_row0>
                    <K_row1>0 7692.31005859375 0</K_row1>
                    <K_row2>0 0 1</K_row2>
                </intrinc>
                <orientation>
                    <R_row0>-0.956127941608429 0.292352735996246 -0.0187003649771214</R_row0>
                    <R_row1>-0.292864143848419 -0.952350854873657 0.0851983278989792</R_row1>
                    <R_row2>0.00709872972220182 0.086937204003334 0.996188998222351</R_row2>
                </orientation>
                <pos>1.82890451618133 3.58671764572178 -0.886167858641815</pos>
            </camera_item>
            <camera_item>
                <id>52</id>
                <intrinc>
                    <K_row0>7692.31005859375 0 0</K_row0>
                    <K_row1>0 7692.31005859375 0</K_row1>
                    <K_row2>0 0 1</K_row2>
                </intrinc>
                <orientation>
                    <R_row0>-0.980022609233856 0.104632265865803 0.169139131903648</R_row0>
                    <R_row1>-0.0724665075540543 -0.979826390743256 0.186252787709236</R_row1>
                    <R_row2>0.185214906930923 0.170275136828423 0.967833757400513</R_row2>
                </orientation>
                <pos>2.23338230730288 4.45676878537463 -1.24271245195966</pos>
            </camera_item>
            <camera_item>
                <id>53</id>
                <intrinc>
                    <K_row0>7692.31005859375 0 0</K_row0>
                    <K_row1>0 7692.31005859375 0</K_row1>
                    <K_row2>0 0 1</K_row2>
                </intrinc>
                <orientation>
                    <R_row0>0.838002860546112 -0.544108748435974 0.0411983244121075</R_row0>
                    <R_row1>0.49417519569397 0.724744260311127 -0.480143427848816</R_row1>
                    <R_row2>0.231391742825508 0.422720372676849 0.876222789287567</R_row2>
                </orientation>
                <pos>3.92212337060945 2.83099014120851 -1.32875661610797</pos>
            </camera_item>
            <camera_item>
                <id>54</id>
                <intrinc>
                    <K_row0>7692.31005859375 0 0</K_row0>
                    <K_row1>0 7692.31005859375 0</K_row1>
                    <K_row2>0 0 1</K_row2>
                </intrinc>
                <orientation>
                    <R_row0>0.772224605083466 -0.624157428741455 -0.118736632168293</R_row0>
                    <R_row1>0.507734715938568 0.718588352203369 -0.475223571062088</R_row1>
                    <R_row2>0.381936371326447 0.306692510843277 0.87181681394577</R_row2>
                </orientation>
                <pos>3.47862941963989 1.83569869036806 -1.06298022091716</pos>
            </camera_item>
            <camera_item>
                <id>55</id>
                <intrinc>
                    <K_row0>7692.31005859375 0 0</K_row0>
                    <K_row1>0 7692.31005859375 0</K_row1>
                    <K_row2>0 0 1</K_row2>
                </intrinc>
                <orientation>
                    <R_row0>0.706910729408264 -0.706971645355225 -0.0216778088361025</R_row0>
                    <R_row1>0.645201623439789 0.657098770141602 -0.38979098200798</R_row1>
                    <R_row2>0.289815127849579 0.261560350656509 0.920648992061615</R_row2>
                </orientation>
                <pos>2.97083662863782 0.952974092239613 -0.839418908546771</pos>
            </camera_item>
            <camera_item>
                <id>56</id>
                <intrinc>
                    <K_row0>7692.31005859375 0 0</K_row0>
                    <K_row1>0 7692.31005859375 0</K_row1>
                    <K_row2>0 0 1</K_row2>
                </intrinc>
                <orientation>
                    <R_row0>0.7364142537117 -0.644523680210114 -0.205631107091904</R_row0>
                    <R_row1>0.50981330871582 0.728490591049194 -0.457593113183975</R_row1>
                    <R_row2>0.444729655981064 0.23214416205883 0.865058064460754</R_row2>
                </orientation>
                <pos>2.54477511723879 0.0437934207477439 -0.659833576814474</pos>
